0050 0
0051 0
0052 0
0053 0
0054 0
0056 0
0057 0
0058 0
0059 0
0060 0
0061 0
0062 0
0063 0
0064 0
0066 0
0068 0
0075 0
0076 0
0081 0
0107 0
0109 1
0116 1
0126 1
0145 1
0155 1
0156 1
0157 1
0159 1
0160 1
0161 1
0189 1
0191 1
0192 1
0193 1
0200 1
0201 1
0202 1
0203 1
0204 1
0205 1
0206 1
0207 1
0208 1
0209 1
0210 1
0211 1
0232 2
0233 2
0269 2
0270 2
0271 2
0272 2
0273 2
0274 2
0275 2
0276 2
0277 2
0284 2
0285 2
0286 2
0287 2
0288 2
0289 2
0302 2
0315 2
0316 2
0318 3
0319 3
0320 3
0327 3
0328 3
0329 3
0330 3
0331 3
0332 3
0340 3
0352 3
0353 3
0355 3
0358 3
0375 3
0399 3
0416 3
0417 3
0458 4
0459 4
0460 4
0461 4
0462 4
0463 4
0466 4
0467 4
0469 4
0471 4
0474 4
0476 4
0479 4
0480 4
0481 4
0482 4
0483 4
0484 4
0485 4
0486 4
0488 4
0493 4
0500 4
0520 4
0528 4
0529 4
0547 4
0548 4
0549 4
0559 5
0560 5
0561 5
0597 5
0599 5
0600 5
0604 5
0609 5
0614 5
0618 5
0621 5
0626 5
0633 5
0636 5
0637 5
0650 5
0651 5
0656 5
0657 5
0658 5
0659 5
0672 6
0673 6
0677 6
0678 6
0679 6
0681 6
0682 6
0684 6
0688 6
0691 6
0692 6
0693 6
0708 6
0709 6
0710 6
0711 6
0714 6
0716 6
0717 6
0718 6
0720 6
0721 6
0722 6
0723 6
0726 6
0727 6
0728 6
0730 6
0731 6
0732 6
0733 6
0734 6
0736 6
0753 6
0754 6
0755 6
0765 6
0766 6
0767 6
0768 6
0781 7
0783 7
0784 7
0785 7
0787 7
0788 7
0803 7
0809 7
0815 7
0824 7
0825 7
0828 7
0835 7
0851 7
0856 7
0857 7
0858 7
0859 7
0862 7
0868 7
0870 7
0872 7
0874 7
0875 7
0877 7
0891 7
0892 7
0893 7
0903 8
0929 8
0930 8
0931 8
0932 8
0957 8
0960 8
0961 8
0974 8
0975 8
0976 8
0977 8
1012 9
1013 9
1014 9
1016 9
1018 9
1019 9
1020 9
1021 9
1050 9
1052 9
1053 9
1054 9
1058 9
1145 9
1146 9
1147 9
1148 9
1149 9
1150 9
1151 10
1152 10
1153 10
1159 10
1160 10
1161 10
1162 10
1163 10
1164 10
1166 10
1170 10
1208 10
1226 10
1227 10
1233 10
1234 10
1244 10
1245 10
1251 10
1252 10
1254 10
1255 10
1257 10
1258 10
1265 10
1266 10
1267 10
1268 10
1269 10
1271 10
1272 10
1273 10
1275 10
1277 10
1278 10
1288 10
1289 10
1290 10
1291 10
1292 10
1293 10
1310 10
1311 10
1312 10
1323 11
1324 11
1325 11
1336 11
1337 11
1338 11
1339 11
1340 11
1368 11
1369 11
1370 11
1373 11
1375 11
1376 11
1377 11
1378 11
1379 11
1380 11
1381 11
1383 11
1384 11
1385 11
1386 11
1387 11
1388 11
1393 11
1400 11
1433 12
1437 12
1450 12
1465 12
1466 12
1476 12
1499 12
1515 12
1516 12
1518 12
1537 12
1538 12
1552 12
1574 13
1575 13
1576 13
1590 13
1591 13
1592 13
1593 13
1594 13
1595 13
1607 13
1608 13
1609 13
1610 13
1627 13
1628 13
1629 13
1646 13
1647 13
1669 13
1670 13
1672 13
1683 14
1684 14
1686 14
1689 14
1709 14
1710 14
1711 14
1712 14
1713 14
1714 14
1715 14
1719 14
1728 14
1742 14
1750 14
1751 14
1762 14
1763 14
1764 14
1765 14
1769 14
1770 14
1776 14
1777 14
1783 15
1784 15
1785 15
1786 15
1787 15
1798 15
1799 15
1800 15
1801 15
1802 15
1829 15
1830 15
1831 15
1832 15
1863 15
1865 15
1869 15
1870 15
1871 15
1872 15
1882 15
1883 15
1889 16
1909 16
1959 16
1960 16
1961 16
1976 16
1977 16
1978 16
1999 16
2000 17
2001 17
2002 17
2015 17
2017 17
2021 17
2043 17
2044 17
2050 17
2051 17
2053 17
2054 17
2055 17
2056 17
2057 17
2058 17
2061 17
2062 17
2064 17
2077 17
2078 17
2079 17
2080 17
2083 17
2087 17
2090 17
2091 17
2092 17
2098 17
2099 17
2100 17
2101 17
2102 17
2103 17
2105 17
2106 17
2112 17
2116 17
2118 17
2120 17
2123 17
2127 18
2130 18
2131 18
2139 18
2142 18
2143 18
2162 18
2174 18
2175 18
2178 18
2182 18
2184 18
2185 18
2191 18
2205 18
2206 18
2210 18
2228 18
2229 18
2235 18
2254 19
2255 19
2256 19
2266 19
2297 19
2298 19
2299 19
2311 19
2317 19
2318 19
2319 19
2320 19
2321 19
2322 19
2323 19
2326 19
2327 19
2329 19
2331 19
2332 19
2333 19
2334 19
2335 19
2336 19
2337 19
2339 19
2340 19
2341 19
2342 19
2343 19
2344 19
2345 19
2346 19
2348 19
2354 19
2355 19
2357 19
2358 19
2379 19
2386 19
2387 19
2388 19
2389 19
2390 19
2391 19
2392 19
2393 19
2396 20
2397 20
2401 20
2402 20
2403 20
2406 20
2407 20
2410 20
2415 20
2417 20
2428 20
2429 20
2434 20
2435 20
2436 20
2441 20
2445 20
2447 20
2448 20
2449 20
2450 20
2451 20
2453 20
2454 20
2456 20
2468 20
2469 20
2470 20
2471 20
2506 20
2507 20
2508 20
2509 20
2510 20
2511 20
2512 20
2513 20
2514 20
2515 20
2516 20
2546 21
2552 21
2553 21
2561 21
2564 21
2565 21
2566 21
2567 21
2568 21
2575 21
2576 21
2577 21
2609 21
2611 21
2614 21
2615 21
2629 21
2631 21
2632 21
2633 21
2647 21
2649 21
2650 21
2668 22
2672 22
2677 22
2703 22
2715 22
2716 22
2717 22
2722 22
2725 22
2727 22
2746 22
2748 22
2749 22
2751 22
2765 23
2766 23
2767 23
2776 23
2777 23
2778 23
2779 23
2780 23
2781 23
2795 23
2796 23
2798 23
2799 23
2800 23
2807 23
2808 23
2819 23
2820 23
2821 23
2822 23
2827 23
2828 23
2834 23
2835 23
2837 23
2840 23
2841 23
2842 23
2843 23
2851 23
2852 23
2853 23
2854 23
2856 23
2876 23
2877 23
2878 23
2883 23
2884 24
2894 24
2908 24
2912 24
2924 24
2925 24
2926 24
2927 24
2928 24
2930 24
2934 24
2959 24
2961 24
2965 24
2969 24
2970 24
2971 24
2972 24
2973 24
2974 24
2975 24
2976 24
2977 24
2978 24
2994 25
2995 25
2996 25
2997 25
3013 25
3014 25
3015 25
3016 25
3017 25
3018 25
3019 25
3020 25
3025 25
3028 25
3029 25
3030 25
3031 25
3048 25
3049 25
3050 25
3051 25
3052 25
3053 25
3054 25
3055 25
3075 25
3078 25
3079 25
3098 26
3099 26
3100 26
3101 26
3165 26
3166 26
3174 26
3175 26
3176 26
3177 26
3178 26
3179 26
3180 26
3195 26
3196 26
3197 26
3198 26
3199 26
3200 27
3201 27
3202 27
3209 27
3210 27
3212 27
3213 27
3214 27
3215 27
3216 27
3217 27
3218 27
3219 27
3220 27
3221 27
3225 27
3227 27
3228 27
3229 27
3230 27
3246 27
3247 27
3248 27
3264 27
3265 27
3266 27
3267 27
3268 27
3270 27
3271 27
3288 27
3293 27
3330 28
3333 28
3334 28
3335 28
3336 28
3337 28
3338 28
3339 28
3340 28
3341 28
3342 28
3343 28
3344 28
3345 28
3346 28
3347 28
3348 28
3349 28
3352 28
3358 28
3359 28
3367 28
3383 28
3387 28
3388 28
3396 28
3398 28
3399 28
3400 28
3425 28
3427 28
3428 28
3429 28
3440 28
3441 28
3442 29
3454 29
3462 29
3472 29
3473 29
3474 29
3480 29
3481 29
3482 29
3483 29
3485 29
3486 29
3487 29
3491 29
3492 29
3493 29
3503 29
3505 29
3506 29
3507 29
3513 29
3514 29
3558 30
3559 30
3560 30
3562 30
3563 30
3566 30
3570 30
3571 30
3577 30
3587 30
3588 30
3589 30
3590 30
3591 30
3592 30
3593 30
3594 30
3595 30
3596 30
3597 30
3598 30
3599 30
3615 30
3617 30
3618 30
3619 30
3621 30
3622 30
3623 30
3624 30
3636 30
3651 31
3652 31
3654 31
3655 31
3656 31
3657 31
3687 31
3688 31
3690 31
3693 31
3694 31
3695 31
3696 31
3697 31
3698 31
3704 31
3713 31
3714 31
3715 31
3716 31
3718 31
3719 31
3720 31
3721 31
3748 31
3749 31
3750 31
3751 31
3752 31
3755 31
3763 31
3768 32
3770 32
3788 32
3799 32
3806 32
3807 32
3808 32
3809 32
3810 32
3811 32
3819 32
3824 32
3825 32
3826 32
3827 32
3828 32
3842 32
3843 32
3848 32
3849 32
3850 32
3862 32
3871 32
3873 32
3875 32
3876 32
3877 32
3879 32
3880 32
3881 32
3882 32
3883 32
3898 32
3899 32
3905 32
3908 32
3909 32
3917 32
3918 32
3925 32
3936 32
3937 32
3952 32
3954 32
3955 32
3956 32
3957 32
3958 32
3962 32
3963 32
3964 32
3969 32
3970 32
3971 32
3994 32
4001 33
4002 33
4008 33
4009 33
4010 33
4011 33
4013 33
4014 33
4015 33
4016 33
4018 33
4020 33
4021 33
4023 33
4024 33
4026 33
4029 33
4030 33
4031 33
4032 33
4033 33
4049 33
4056 33
4063 33
4064 33
4065 33
4066 33
4068 33
4069 33
4073 33
4074 33
4075 33
4076 33
4077 33
4083 33
4084 33
4085 33
4086 33
4087 33
4088 33
4092 33
4095 33
4096 33
4097 33
4098 33
4099 33
4100 33
4101 33
4102 33
4103 33
4107 33
4109 33
4110 33
4111 33
4112 33
4113 33
4114 33
4115 33
4135 33
4142 33
4143 33
4159 34
4160 34
4161 34
4166 34
4191 34
4193 34
4194 34
4195 34
4196 34
4198 34
4200 34
4214 34
4215 34
4216 34
4218 34
4219 34
4220 34
4221 34
4262 34
4263 34
4264 34
4265 34
4274 34
4275 34
4276 34
4277 34
4278 34
4279 34
4286 34
4300 35
4301 35
4302 35
4303 35
4307 35
4312 35
4315 35
4316 35
4317 35
4318 35
4319 35
4320 35
4322 35
4323 35
4331 35
4334 35
4335 35
4338 35
4339 35
4340 35
4342 35
4344 35
4345 35
4347 35
4348 35
4350 35
4351 35
4361 35
4366 35
4367 35
4368 35
4369 35
4386 35
4387 35
4395 35
4396 35
4404 36
4405 36
4406 36
4407 36
4410 36
4419 36
4432 36
4433 36
4435 36
4436 36
4437 36
4438 36
4439 36
4440 36
4447 36
4448 36
4455 36
4456 36
4457 36
4475 36
4482 36
4483 36
4486 36
4487 36
4488 36
4489 36
4492 36
4493 36
4494 36
4495 36
4496 36
4497 36
4498 36
4499 36
4500 36
4501 36
4502 36
4503 36
4504 37
4505 37
4506 37
4507 37
4508 37
4509 37
4510 37
4511 37
4512 37
4515 37
4516 37
4530 37
4531 37
4532 37
4550 37
4558 37
4560 37
4561 37
4562 37
4564 37
4565 37
4567 37
4570 37
4571 37
4572 37
4580 37
4587 37
4654 38
4655 38
4656 38
4662 38
4663 38
4664 38
4679 38
4686 38
4687 38
4688 38
4690 38
4691 38
4692 38
4693 38
4694 38
4696 38
4697 38
4698 38
4700 38
4702 38
4734 38
4735 38
4746 38
4748 38
4751 39
4753 39
4765 39
4766 39
4767 39
4785 39
4786 39
4787 39
4788 39
4789 39
4790 39
4791 39
4792 39
4793 39
4794 39
4795 39
4796 39
4797 39
4800 39
4806 39
4807 39
4808 39
4809 39
4826 39
4827 39
4834 39
4835 39
4849 39
4859 40
4860 40
4861 40
4863 40
4865 40
4866 40
4867 40
4868 40
4869 40
4870 40
4907 40
4908 40
4909 40
4910 40
4911 40
4912 40
4913 40
5014 41
5015 41
5016 41
5018 41
5020 41
5021 41
5022 41
5037 41
5038 41
5039 41
5040 41
5041 41
5042 41
5043 41
5044 41
5045 41
5046 41
5047 41
5048 41
5049 41
5050 41
5051 41
5052 41
5062 41
5063 41
5064 41
5065 41
5066 41
5067 41
5068 41
5069 41
5083 41
5084 41
5085 41
5086 41
5093 41
5094 41
5097 41
5098 41
5099 41
5100 41
5101 41
5116 42
5117 42
5118 42
5120 42
5123 42
5124 42
5126 42
5147 42
5148 42
5149 42
5150 42
5152 42
5153 42
5154 42
5155 42
5167 42
5245 42
5248 42
5307 43
5308 43
5320 43
5321 43
5322 43
5323 43
5324 43
5325 43
5326 43
5328 43
5337 43
5338 43
5369 43
5381 43
5382 43
5384 43
5385 43
5396 43
5397 43
5399 44
5426 44
5433 44
5436 44
5437 44
5439 44
5441 44
5442 44
5443 44
5446 44
5447 44
5448 44
5449 44
5452 44
5453 44
5478 44
5480 44
5499 44
5514 44
5515 44
5524 44
5525 44
5527 45
5529 45
5530 45
5531 45
5534 45
5535 45
5537 45
5539 45
5540 45
5541 45
5543 45
5545 45
5548 45
5550 45
5552 45
5553 45
5554 45
5555 45
5558 45
5559 45
5560 45
5562 45
5564 45
5565 45
5566 45
5567 45
5571 45
5578 45
5579 45
5580 45
5581 45
5582 45
5583 45
5585 45
5586 45
5587 45
5588 45
5589 45
5590 45
5623 45
5624 45
5625 45
5626 45
5627 45
5628 45
5653 46
5658 46
5687 46
5688 46
5689 46
5690 46
5696 46
5702 46
5703 46
5704 46
5705 46
5706 46
5707 46
5712 46
5713 46
5714 46
5715 46
5716 46
5717 46
5718 46
5719 46
5720 46
5733 46
5736 46
5737 46
5740 46
5744 46
5747 46
5769 46
5770 46
5771 46
5772 46
5775 47
5776 47
5787 47
5788 47
5789 47
5791 47
5792 47
5797 47
5798 47
5809 47
5842 47
5847 47
5856 47
5857 47
5861 47
5862 47
5863 47
5865 47
5867 47
5872 47
5874 47
5875 48
5876 48
5877 48
5880 48
5881 48
5882 48
5890 48
5891 48
5892 48
5899 48
5900 48
5902 48
5907 48
5908 48
5915 48
5925 48
5926 48
5927 48
5928 48
5929 48
5930 48
5931 48
5932 48
5954 48
5986 48
5989 48
5990 48
5991 48
5992 48
5993 48
6000 48
6001 48
6002 48
6003 48
6055 48
6088 48
6090 48
6091 48
6094 48
6095 48
6096 48
6100 48
6101 48
6102 48
6103 48
6104 48
6132 49
6136 49
6137 49
6138 49
6139 49
6142 49
6143 49
6144 49
6149 49
6150 49
6151 49
6154 49
6155 49
6158 49
6159 49
6160 49
6161 49
6162 49
6176 49
6189 49
6199 49
6201 49
6211 49
6212 49
6213 49
6214 49
6215 49
6216 49
6217 49
6218 49
6219 49
6233 49
6234 49
6235 49
6236 49
6237 49
6238 49
6260 49
6261 49
6263 49
6276 49
6309 49
6310 49
6311 49
6312 49
6314 49
6315 49
6316 49
6317 49
6319 49
6324 49
6326 49
6327 49
6328 49
6329 49
6330 49
6331 49
6333 49
6336 49
6337 49
6338 49
6341 49
6342 49
6363 49
6364 49
6365 49
6366 49
6388 49
6392 49
6395 49
6397 49
6404 49
6405 49
6406 49
6407 49
6409 49
6426 49
6427 49
6428 49
6434 49
6435 49
6436 49
6437 49
6468 49
6475 49
6547 49
6549 49
6556 49
6557 49
6575 49
6577 49
6596 49
6597 49
6598 49
6613 49
6614 49
6615 49
6621 49
6622 49
6624 49
6625 49
6626 49
6635 49
6636 49
6637 49
6639 49
6640 49
6642 49
6643 49
6644 49
6646 49
6663 50
6675 50
6676 50
6688 50
6689 50
6690 50
6705 50
6707 50
6720 50
6721 50
6722 50
6723 50
6724 50
6725 50
6726 50
6727 50
6728 50
6736 50
6737 50
6764 50
6765 50
6766 50
