0001 0
0002 0
0003 0
0004 0
0005 0
0006 0
0007 0
0008 0
0010 0
0012 0
0013 0
0014 0
0015 0
0016 0
0024 0
0025 0
0026 0
0027 0
0028 0
0029 0
0030 0
0031 0
0032 0
0033 0
0034 0
0035 0
0036 0
0037 0
0038 0
0039 0
0040 0
0041 0
0042 0
0043 0
0044 0
0045 0
0046 0
0047 0
0048 0
0049 0
0070 0
0071 0
0072 0
0073 0
0074 0
0077 0
0078 0
0079 0
0083 0
0084 0
0086 0
0087 0
0088 0
0089 0
0090 0
0091 0
0092 0
0093 0
0094 0
0095 0
0096 0
0097 0
0098 0
0099 0
0100 0
0103 0
0104 0
0105 0
0111 1
0115 1
0122 1
0130 1
0134 1
0136 1
0137 1
0138 1
0140 1
0142 1
0143 1
0144 1
0146 1
0149 1
0150 1
0151 1
0162 1
0163 1
0164 1
0165 1
0166 1
0167 1
0170 1
0172 1
0173 1
0176 1
0177 1
0183 1
0184 1
0185 1
0186 1
0187 1
0188 1
0190 1
0194 1
0195 1
0196 1
0197 1
0212 1
0215 2
0217 2
0218 2
0219 2
0220 2
0221 2
0223 2
0224 2
0225 2
0226 2
0227 2
0228 2
0229 2
0230 2
0234 2
0235 2
0237 2
0238 2
0239 2
0240 2
0241 2
0244 2
0245 2
0247 2
0248 2
0249 2
0257 2
0258 2
0261 2
0262 2
0263 2
0264 2
0265 2
0266 2
0268 2
0278 2
0279 2
0281 2
0282 2
0283 2
0290 2
0291 2
0292 2
0293 2
0294 2
0295 2
0296 2
0297 2
0298 2
0299 2
0300 2
0301 2
0303 2
0304 2
0306 2
0307 2
0309 2
0310 2
0311 2
0312 2
0313 2
0321 3
0322 3
0324 3
0325 3
0326 3
0337 3
0339 3
0341 3
0342 3
0343 3
0344 3
0348 3
0349 3
0350 3
0351 3
0357 3
0359 3
0360 3
0362 3
0366 3
0367 3
0368 3
0369 3
0370 3
0373 3
0376 3
0378 3
0382 3
0383 3
0385 3
0387 3
0388 3
0391 3
0392 3
0396 3
0397 3
0400 3
0401 3
0402 3
0403 3
0404 3
0405 3
0406 3
0407 3
0408 3
0413 3
0422 3
0423 3
0424 3
0425 3
0426 4
0427 4
0428 4
0429 4
0430 4
0431 4
0432 4
0433 4
0434 4
0435 4
0436 4
0437 4
0438 4
0439 4
0440 4
0442 4
0443 4
0444 4
0445 4
0446 4
0448 4
0449 4
0450 4
0451 4
0452 4
0453 4
0454 4
0455 4
0456 4
0489 4
0497 4
0502 4
0504 4
0509 4
0514 4
0517 4
0519 4
0521 4
0525 4
0526 4
0527 4
0530 4
0531 4
0532 4
0534 4
0535 4
0536 4
0537 4
0539 4
0540 4
0541 4
0542 4
0544 4
0545 4
0551 4
0553 4
0554 4
0555 4
0556 5
0557 5
0558 5
0562 5
0566 5
0567 5
0568 5
0569 5
0571 5
0572 5
0573 5
0574 5
0577 5
0578 5
0579 5
0580 5
0581 5
0582 5
0583 5
0584 5
0585 5
0586 5
0588 5
0589 5
0592 5
0593 5
0595 5
0635 5
0638 5
0639 5
0640 5
0641 5
0642 5
0643 5
0644 5
0645 5
0646 5
0647 5
0648 5
0660 5
0662 5
0663 5
0664 6
0665 6
0666 6
0668 6
0669 6
0670 6
0683 6
0685 6
0686 6
0687 6
0690 6
0694 6
0695 6
0696 6
0697 6
0698 6
0699 6
0700 6
0701 6
0702 6
0703 6
0704 6
0705 6
0706 6
0737 6
0738 6
0739 6
0740 6
0741 6
0742 6
0743 6
0744 6
0745 6
0746 6
0747 6
0748 6
0749 6
0750 6
0756 6
0758 6
0759 6
0761 6
0762 6
0763 6
0764 6
0769 6
0770 6
0771 6
0772 6
0773 6
0774 6
0775 6
0778 7
0779 7
0780 7
0790 7
0791 7
0792 7
0794 7
0796 7
0797 7
0798 7
0801 7
0804 7
0810 7
0811 7
0816 7
0817 7
0818 7
0820 7
0821 7
0826 7
0841 7
0842 7
0843 7
0844 7
0847 7
0848 7
0855 7
0880 7
0882 7
0883 7
0886 7
0887 7
0888 7
0890 7
0894 7
0895 7
0896 7
0897 7
0898 7
0899 7
0900 7
0901 7
0902 7
0904 8
0905 8
0906 8
0907 8
0908 8
0909 8
0910 8
0911 8
0912 8
0913 8
0917 8
0918 8
0919 8
0920 8
0922 8
0923 8
0924 8
0925 8
0927 8
0928 8
0933 8
0934 8
0935 8
0936 8
0937 8
0938 8
0939 8
0940 8
0942 8
0943 8
0944 8
0945 8
0946 8
0947 8
0948 8
0949 8
0950 8
0951 8
0952 8
0953 8
0954 8
0955 8
0956 8
0964 8
0966 8
0967 8
0970 8
0971 8
0973 8
0978 8
0980 8
0981 8
0982 8
0983 8
0984 8
0985 8
0988 8
0989 8
0990 8
0991 8
0992 8
0994 8
0995 8
0996 8
0998 8
0999 8
1000 8
1002 8
1003 8
1004 8
1006 9
1007 9
1008 9
1009 9
1010 9
1015 9
1028 9
1029 9
1031 9
1032 9
1033 9
1035 9
1037 9
1038 9
1039 9
1040 9
1041 9
1042 9
1043 9
1044 9
1045 9
1046 9
1056 9
1057 9
1059 9
1060 9
1061 9
1063 9
1064 9
1065 9
1066 9
1067 9
1068 9
1069 9
1070 9
1072 9
1073 9
1074 9
1075 9
1076 9
1077 9
1078 9
1079 9
1080 9
1081 9
1082 9
1084 9
1085 9
1086 9
1087 9
1088 9
1089 9
1090 9
1091 9
1092 9
1093 9
1094 9
1095 9
1096 9
1097 9
1098 9
1099 9
1102 9
1103 9
1104 9
1105 9
1107 9
1108 9
1109 9
1110 9
1112 9
1113 9
1114 9
1115 9
1116 9
1117 9
1118 9
1119 9
1120 9
1121 9
1122 9
1123 9
1124 9
1125 9
1126 9
1127 9
1129 9
1131 9
1132 9
1133 9
1134 9
1135 9
1136 9
1137 9
1138 9
1139 9
1140 9
1141 9
1142 9
1143 9
1144 9
1154 10
1155 10
1156 10
1157 10
1158 10
1167 10
1168 10
1169 10
1171 10
1172 10
1173 10
1175 10
1177 10
1178 10
1179 10
1181 10
1182 10
1185 10
1186 10
1187 10
1189 10
1190 10
1191 10
1192 10
1193 10
1195 10
1196 10
1197 10
1198 10
1199 10
1200 10
1201 10
1202 10
1203 10
1205 10
1206 10
1207 10
1212 10
1213 10
1216 10
1217 10
1218 10
1219 10
1220 10
1221 10
1222 10
1223 10
1224 10
1225 10
1228 10
1230 10
1231 10
1232 10
1235 10
1236 10
1237 10
1238 10
1239 10
1240 10
1241 10
1243 10
1246 10
1248 10
1253 10
1260 10
1261 10
1262 10
1263 10
1264 10
1280 10
1281 10
1282 10
1283 10
1284 10
1285 10
1287 10
1294 10
1296 10
1297 10
1298 10
1299 10
1300 10
1301 10
1302 10
1303 10
1305 10
1306 10
1307 10
1308 10
1309 10
1314 10
1315 11
1316 11
1317 11
1318 11
1320 11
1321 11
1322 11
1326 11
1327 11
1328 11
1329 11
1330 11
1331 11
1332 11
1333 11
1334 11
1335 11
1341 11
1342 11
1343 11
1344 11
1345 11
1346 11
1347 11
1348 11
1349 11
1350 11
1351 11
1352 11
1353 11
1354 11
1355 11
1356 11
1357 11
1358 11
1359 11
1360 11
1361 11
1362 11
1363 11
1364 11
1365 11
1367 11
1372 11
1389 11
1390 11
1391 11
1392 11
1401 11
1402 11
1403 11
1404 11
1405 11
1406 11
1408 11
1410 11
1411 11
1412 11
1413 11
1414 11
1415 11
1416 11
1417 11
1419 11
1421 11
1422 11
1423 12
1424 12
1425 12
1426 12
1428 12
1429 12
1430 12
1431 12
1432 12
1434 12
1436 12
1438 12
1439 12
1440 12
1441 12
1443 12
1444 12
1445 12
1446 12
1447 12
1449 12
1452 12
1459 12
1460 12
1461 12
1462 12
1463 12
1464 12
1467 12
1468 12
1469 12
1470 12
1471 12
1473 12
1487 12
1490 12
1497 12
1498 12
1508 12
1509 12
1510 12
1511 12
1513 12
1514 12
1519 12
1520 12
1521 12
1523 12
1524 12
1525 12
1526 12
1527 12
1528 12
1529 12
1530 12
1532 12
1533 12
1534 12
1536 12
1540 12
1545 12
1546 12
1547 12
1548 12
1553 12
1554 12
1556 12
1557 12
1558 12
1559 13
1560 13
1561 13
1562 13
1563 13
1564 13
1565 13
1566 13
1567 13
1568 13
1569 13
1570 13
1571 13
1572 13
1573 13
1577 13
1578 13
1579 13
1580 13
1581 13
1582 13
1583 13
1584 13
1585 13
1587 13
1588 13
1589 13
1597 13
1598 13
1599 13
1600 13
1601 13
1602 13
1603 13
1604 13
1605 13
1606 13
1611 13
1612 13
1613 13
1614 13
1615 13
1617 13
1618 13
1619 13
1621 13
1622 13
1623 13
1624 13
1625 13
1626 13
1630 13
1631 13
1632 13
1633 13
1635 13
1636 13
1637 13
1638 13
1639 13
1640 13
1641 13
1642 13
1643 13
1649 13
1650 13
1651 13
1652 13
1653 13
1654 13
1655 13
1656 13
1657 13
1658 13
1659 13
1660 13
1661 13
1662 13
1663 13
1664 13
1665 13
1666 13
1667 13
1668 13
1671 13
1673 13
1674 13
1676 14
1677 14
1679 14
1680 14
1700 14
1702 14
1703 14
1704 14
1705 14
1706 14
1707 14
1720 14
1721 14
1722 14
1723 14
1724 14
1725 14
1726 14
1727 14
1729 14
1730 14
1731 14
1732 14
1734 14
1735 14
1737 14
1738 14
1739 14
1740 14
1741 14
1743 14
1744 14
1747 14
1748 14
1752 14
1754 14
1755 14
1756 14
1757 14
1758 14
1760 14
1761 14
1767 14
1768 14
1771 14
1772 14
1773 14
1774 14
1775 14
1780 14
1782 15
1790 15
1791 15
1792 15
1793 15
1794 15
1795 15
1796 15
1797 15
1804 15
1805 15
1806 15
1807 15
1808 15
1809 15
1811 15
1815 15
1817 15
1818 15
1819 15
1820 15
1823 15
1825 15
1826 15
1827 15
1833 15
1834 15
1835 15
1836 15
1837 15
1838 15
1839 15
1840 15
1841 15
1843 15
1844 15
1845 15
1846 15
1848 15
1849 15
1850 15
1852 15
1853 15
1854 15
1856 15
1857 15
1858 15
1860 15
1861 15
1866 15
1867 15
1868 15
1873 15
1874 15
1875 15
1876 15
1877 15
1878 15
1879 15
1880 15
1884 15
1885 15
1886 15
1890 16
1891 16
1892 16
1893 16
1894 16
1895 16
1896 16
1897 16
1898 16
1900 16
1901 16
1903 16
1904 16
1905 16
1907 16
1908 16
1910 16
1911 16
1912 16
1913 16
1917 16
1918 16
1919 16
1923 16
1928 16
1929 16
1930 16
1931 16
1933 16
1934 16
1935 16
1937 16
1938 16
1939 16
1940 16
1941 16
1942 16
1944 16
1945 16
1946 16
1947 16
1949 16
1950 16
1951 16
1952 16
1953 16
1954 16
1956 16
1957 16
1958 16
1962 16
1964 16
1966 16
1967 16
1968 16
1969 16
1970 16
1971 16
1972 16
1973 16
1974 16
1975 16
1979 16
1980 16
1981 16
1982 16
1983 16
1984 16
1986 16
1987 16
1988 16
1989 16
1991 16
1992 16
1993 16
1995 16
1996 16
1998 16
2003 17
2004 17
2005 17
2006 17
2007 17
2010 17
2018 17
2022 17
2024 17
2025 17
2026 17
2027 17
2028 17
2029 17
2030 17
2031 17
2032 17
2036 17
2037 17
2038 17
2039 17
2040 17
2041 17
2045 17
2048 17
2049 17
2059 17
2060 17
2065 17
2066 17
2067 17
2068 17
2069 17
2070 17
2071 17
2072 17
2073 17
2074 17
2075 17
2081 17
2145 18
2146 18
2147 18
2148 18
2149 18
2150 18
2151 18
2152 18
2153 18
2154 18
2155 18
2156 18
2157 18
2158 18
2159 18
2160 18
2161 18
2163 18
2164 18
2165 18
2166 18
2168 18
2169 18
2170 18
2171 18
2176 18
2177 18
2179 18
2183 18
2186 18
2187 18
2188 18
2189 18
2190 18
2192 18
2193 18
2195 18
2196 18
2197 18
2198 18
2199 18
2200 18
2201 18
2202 18
2203 18
2204 18
2207 18
2208 18
2212 18
2213 18
2214 18
2215 18
2216 18
2218 18
2219 18
2220 18
2221 18
2223 18
2224 18
2230 18
2231 18
2232 18
2233 18
2234 18
2236 18
2237 18
2238 18
2239 18
2240 18
2241 18
2243 18
2251 19
2252 19
2253 19
2257 19
2258 19
2259 19
2260 19
2261 19
2263 19
2264 19
2265 19
2267 19
2269 19
2270 19
2272 19
2273 19
2274 19
2275 19
2276 19
2277 19
2278 19
2279 19
2280 19
2281 19
2282 19
2283 19
2284 19
2285 19
2286 19
2287 19
2288 19
2289 19
2290 19
2291 19
2292 19
2293 19
2294 19
2295 19
2296 19
2300 19
2301 19
2302 19
2303 19
2304 19
2305 19
2306 19
2307 19
2308 19
2309 19
2310 19
2312 19
2313 19
2314 19
2315 19
2316 19
2324 19
2325 19
2359 19
2360 19
2361 19
2362 19
2364 19
2365 19
2366 19
2367 19
2368 19
2369 19
2370 19
2371 19
2372 19
2373 19
2374 19
2375 19
2376 19
2377 19
2378 19
2380 19
2381 19
2382 19
2384 19
2395 19
2398 20
2400 20
2404 20
2408 20
2409 20
2411 20
2412 20
2413 20
2414 20
2418 20
2419 20
2420 20
2421 20
2422 20
2424 20
2425 20
2426 20
2431 20
2432 20
2433 20
2437 20
2438 20
2439 20
2443 20
2459 20
2460 20
2461 20
2462 20
2463 20
2466 20
2467 20
2475 20
2476 20
2477 20
2480 20
2481 20
2483 20
2484 20
2486 20
2487 20
2488 20
2489 20
2490 20
2491 20
2492 20
2493 20
2494 20
2495 20
2496 20
2497 20
2498 20
2500 20
2501 20
2502 20
2504 20
2517 20
2520 20
2521 20
2522 20
2523 20
2524 20
2525 20
2526 21
2527 21
2528 21
2529 21
2530 21
2531 21
2532 21
2533 21
2534 21
2537 21
2538 21
2539 21
2540 21
2541 21
2542 21
2544 21
2545 21
2548 21
2549 21
2550 21
2551 21
2555 21
2558 21
2559 21
2560 21
2562 21
2563 21
2569 21
2570 21
2571 21
2572 21
2574 21
2578 21
2579 21
2580 21
2581 21
2584 21
2588 21
2591 21
2592 21
2594 21
2595 21
2596 21
2597 21
2598 21
2599 21
2605 21
2616 21
2617 21
2619 21
2620 21
2621 21
2623 21
2624 21
2625 21
2626 21
2627 21
2628 21
2634 21
2635 21
2637 21
2638 21
2639 21
2640 21
2641 21
2642 21
2643 21
2644 21
2646 21
2648 21
2651 21
2652 21
2653 21
2654 22
2655 22
2656 22
2657 22
2658 22
2660 22
2661 22
2662 22
2663 22
2665 22
2666 22
2667 22
2669 22
2670 22
2671 22
2674 22
2675 22
2676 22
2678 22
2681 22
2682 22
2683 22
2684 22
2685 22
2686 22
2687 22
2688 22
2689 22
2690 22
2691 22
2692 22
2693 22
2694 22
2695 22
2696 22
2697 22
2698 22
2705 22
2706 22
2707 22
2708 22
2710 22
2711 22
2712 22
2713 22
2714 22
2719 22
2726 22
2729 22
2730 22
2734 22
2738 22
2739 22
2740 22
2741 22
2742 22
2743 22
2744 22
2745 22
2754 22
2755 22
2756 23
2757 23
2758 23
2759 23
2760 23
2761 23
2762 23
2764 23
2768 23
2769 23
2770 23
2771 23
2772 23
2773 23
2774 23
2775 23
2785 23
2786 23
2787 23
2789 23
2791 23
2792 23
2793 23
2794 23
2801 23
2802 23
2803 23
2804 23
2805 23
2809 23
2810 23
2811 23
2812 23
2813 23
2814 23
2815 23
2817 23
2818 23
2823 23
2824 23
2825 23
2826 23
2830 23
2831 23
2832 23
2833 23
2844 23
2845 23
2846 23
2847 23
2848 23
2849 23
2850 23
2858 23
2859 23
2860 23
2861 23
2862 23
2863 23
2864 23
2865 23
2866 23
2867 23
2868 23
2869 23
2870 23
2871 23
2872 23
2875 23
2879 23
2880 23
2881 23
2882 23
2885 24
2886 24
2887 24
2888 24
2889 24
2890 24
2891 24
2892 24
2895 24
2896 24
2899 24
2901 24
2913 24
2915 24
2917 24
2918 24
2919 24
2920 24
2921 24
2932 24
2933 24
2935 24
2936 24
2938 24
2939 24
2940 24
2941 24
2943 24
2944 24
2945 24
2946 24
2947 24
2948 24
2949 24
2950 24
2951 24
2952 24
2953 24
2954 24
2955 24
2956 24
2957 24
2963 24
2964 24
2979 24
2980 24
2981 24
2982 24
2983 24
2984 24
2987 24
2988 24
2989 24
2990 25
2991 25
2992 25
2993 25
2998 25
2999 25
3000 25
3002 25
3004 25
3005 25
3006 25
3008 25
3009 25
3010 25
3011 25
3012 25
3021 25
3022 25
3023 25
3024 25
3026 25
3027 25
3033 25
3035 25
3036 25
3037 25
3044 25
3045 25
3046 25
3047 25
3056 25
3057 25
3058 25
3059 25
3060 25
3061 25
3062 25
3063 25
3064 25
3065 25
3066 25
3067 25
3068 25
3069 25
3070 25
3071 25
3072 25
3073 25
3074 25
3081 25
3083 25
3085 25
3086 25
3087 25
3088 25
3090 25
3092 25
3093 25
3094 25
3095 25
3096 26
3097 26
3102 26
3104 26
3106 26
3107 26
3109 26
3111 26
3112 26
3113 26
3114 26
3115 26
3117 26
3118 26
3119 26
3121 26
3122 26
3123 26
3124 26
3125 26
3126 26
3129 26
3132 26
3133 26
3136 26
3137 26
3139 26
3140 26
3141 26
3142 26
3143 26
3144 26
3145 26
3149 26
3150 26
3151 26
3158 26
3159 26
3160 26
3161 26
3162 26
3163 26
3164 26
3167 26
3168 26
3169 26
3170 26
3171 26
3172 26
3173 26
3182 26
3183 26
3185 26
3186 26
3187 26
3188 26
3189 26
3190 26
3191 26
3192 26
3203 27
3204 27
3205 27
3206 27
3207 27
3208 27
3222 27
3223 27
3224 27
3232 27
3233 27
3234 27
3235 27
3236 27
3237 27
3238 27
3239 27
3240 27
3241 27
3242 27
3243 27
3244 27
3245 27
3249 27
3250 27
3251 27
3252 27
3253 27
3254 27
3255 27
3256 27
3262 27
3263 27
3277 27
3278 27
3284 27
3285 27
3286 27
3287 27
3290 27
3294 27
3295 27
3296 27
3297 27
3298 27
3300 27
3301 27
3303 27
3304 27
3305 27
3306 27
3307 27
3308 27
3309 27
3310 27
3312 27
3313 27
3314 27
3316 27
3317 27
3318 27
3319 27
3320 27
3322 27
3323 27
3326 28
3327 28
3328 28
3354 28
3355 28
3356 28
3361 28
3362 28
3364 28
3366 28
3369 28
3372 28
3376 28
3380 28
3381 28
3382 28
3384 28
3385 28
3386 28
3390 28
3391 28
3392 28
3393 28
3394 28
3395 28
3397 28
3401 28
3402 28
3403 28
3404 28
3406 28
3409 28
3410 28
3411 28
3412 28
3413 28
3414 28
3415 28
3416 28
3417 28
3418 28
3419 28
3420 28
3421 28
3422 28
3423 28
3430 28
3432 28
3437 28
3443 29
3444 29
3445 29
3446 29
3447 29
3448 29
3449 29
3450 29
3451 29
3452 29
3453 29
3455 29
3456 29
3457 29
3458 29
3459 29
3460 29
3461 29
3463 29
3464 29
3465 29
3466 29
3467 29
3468 29
3469 29
3470 29
3476 29
3479 29
3494 29
3495 29
3497 29
3498 29
3499 29
3500 29
3502 29
3508 29
3509 29
3510 29
3519 29
3521 29
3527 29
3530 29
3531 29
3532 29
3533 29
3534 29
3535 29
3536 29
3537 29
3538 29
3539 29
3540 29
3541 29
3542 29
3543 29
3544 29
3545 30
3546 30
3547 30
3548 30
3549 30
3550 30
3551 30
3552 30
3553 30
3554 30
3555 30
3556 30
3564 30
3565 30
3567 30
3568 30
3569 30
3572 30
3573 30
3574 30
3575 30
3576 30
3578 30
3579 30
3580 30
3581 30
3582 30
3583 30
3584 30
3585 30
3586 30
3600 30
3601 30
3602 30
3603 30
3604 30
3605 30
3606 30
3609 30
3610 30
3611 30
3612 30
3613 30
3614 30
3620 30
3625 30
3626 30
3627 30
3628 30
3629 30
3630 30
3631 30
3632 30
3633 30
3634 30
3635 30
3637 30
3638 30
3639 30
3640 30
3647 30
3648 31
3649 31
3650 31
3663 31
3664 31
3665 31
3667 31
3668 31
3669 31
3670 31
3671 31
3672 31
3673 31
3674 31
3675 31
3676 31
3677 31
3678 31
3679 31
3680 31
3681 31
3682 31
3683 31
3684 31
3685 31
3686 31
3692 31
3699 31
3700 31
3701 31
3702 31
3703 31
3706 31
3708 31
3709 31
3710 31
3722 31
3723 31
3724 31
3726 31
3727 31
3728 31
3731 31
3732 31
3733 31
3734 31
3735 31
3737 31
3742 31
3747 31
3759 31
3760 31
3761 31
3762 31
3764 32
3765 32
3769 32
3771 32
3775 32
3776 32
3781 32
3783 32
3787 32
3790 32
3791 32
3792 32
3794 32
3795 32
3796 32
3797 32
3800 32
3802 32
3803 32
3804 32
3805 32
3812 32
3817 32
3829 32
3830 32
3831 32
3834 32
3838 32
3845 32
3846 32
3851 32
3852 32
3853 32
3854 32
3855 32
3856 32
3857 32
3858 32
3859 32
3860 32
3861 32
3863 32
3864 32
3865 32
3866 32
3867 32
3868 32
3869 32
3870 32
3874 32
3884 32
3885 32
3886 32
3887 32
3888 32
3890 32
3891 32
3893 32
3894 32
3897 32
3900 32
3901 32
3903 32
3904 32
3906 32
3907 32
3911 32
3912 32
3913 32
3914 32
3915 32
3920 32
3921 32
3923 32
3924 32
3926 32
3927 32
3928 32
3930 32
3931 32
3932 32
3935 32
3939 32
3940 32
3941 32
3942 32
3944 32
3945 32
3947 32
3948 32
3949 32
3950 32
3951 32
3961 32
3965 32
3966 32
3967 32
3968 32
3972 32
3973 32
3974 32
3975 32
3976 32
3977 32
3978 32
3979 32
3980 32
3981 32
3982 32
3983 32
3984 32
3985 32
3986 32
3987 32
3988 32
3989 32
3990 32
3991 32
3992 32
3993 32
3995 32
3996 33
3998 33
3999 33
4000 33
4027 33
4034 33
4036 33
4037 33
4038 33
4040 33
4041 33
4043 33
4044 33
4045 33
4047 33
4051 33
4052 33
4053 33
4054 33
4055 33
4058 33
4059 33
4061 33
4062 33
4070 33
4071 33
4072 33
4078 33
4079 33
4080 33
4081 33
4082 33
4089 33
4090 33
4091 33
4094 33
4104 33
4105 33
4106 33
4116 33
4118 33
4119 33
4120 33
4121 33
4122 33
4123 33
4124 33
4125 33
4126 33
4127 33
4128 33
4129 33
4130 33
4131 33
4132 33
4133 33
4136 33
4137 33
4139 33
4140 33
4141 33
4145 33
4146 33
4147 33
4149 33
4150 33
4152 33
4153 33
4157 33
4163 34
4165 34
4168 34
4169 34
4170 34
4171 34
4172 34
4173 34
4174 34
4175 34
4176 34
4177 34
4178 34
4181 34
4182 34
4183 34
4184 34
4185 34
4186 34
4187 34
4189 34
4190 34
4201 34
4204 34
4205 34
4207 34
4210 34
4211 34
4212 34
4213 34
4223 34
4233 34
4234 34
4235 34
4236 34
4237 34
4238 34
4239 34
4240 34
4241 34
4242 34
4243 34
4244 34
4245 34
4247 34
4248 34
4249 34
4250 34
4252 34
4254 34
4258 34
4259 34
4260 34
4261 34
4267 34
4268 34
4269 34
4270 34
4271 34
4272 34
4273 34
4280 34
4281 34
4282 34
4283 34
4284 34
4285 34
4287 34
4288 34
4289 35
4290 35
4291 35
4292 35
4293 35
4294 35
4295 35
4296 35
4297 35
4298 35
4299 35
4305 35
4306 35
4308 35
4309 35
4310 35
4311 35
4313 35
4314 35
4324 35
4325 35
4326 35
4327 35
4328 35
4329 35
4330 35
4352 35
4353 35
4354 35
4355 35
4356 35
4357 35
4358 35
4362 35
4363 35
4364 35
4372 35
4374 35
4375 35
4376 35
4377 35
4378 35
4379 35
4380 35
4381 35
4383 35
4388 35
4389 35
4391 35
4393 35
4394 35
4397 35
4398 35
4399 35
4401 36
4402 36
4403 36
4408 36
4411 36
4412 36
4413 36
4414 36
4416 36
4417 36
4418 36
4420 36
4422 36
4423 36
4424 36
4425 36
4427 36
4428 36
4429 36
4430 36
4431 36
4441 36
4442 36
4444 36
4445 36
4446 36
4449 36
4450 36
4451 36
4458 36
4459 36
4460 36
4461 36
4462 36
4463 36
4464 36
4465 36
4467 36
4468 36
4469 36
4471 36
4480 36
4481 36
4490 36
4513 37
4514 37
4518 37
4519 37
4521 37
4523 37
4526 37
4527 37
4528 37
4529 37
4533 37
4535 37
4536 37
4537 37
4538 37
4539 37
4540 37
4541 37
4542 37
4543 37
4544 37
4545 37
4546 37
4547 37
4548 37
4549 37
4551 37
4552 37
4553 37
4554 37
4555 37
4556 37
4557 37
4566 37
4568 37
4573 37
4576 37
4577 37
4578 37
4579 37
4581 37
4583 37
4584 37
4585 37
4586 37
4588 37
4589 37
4590 37
4591 37
4592 37
4593 37
4594 37
4595 37
4596 37
4597 37
4602 37
4604 37
4605 37
4606 37
4607 37
4608 37
4609 37
4610 37
4611 37
4612 37
4613 37
4614 37
4617 37
4618 37
4619 37
4620 37
4621 37
4631 37
4632 37
4633 37
4634 37
4635 37
4636 37
4637 37
4638 37
4639 37
4640 37
4641 37
4642 37
4643 37
4644 37
4645 37
4646 38
4648 38
4650 38
4652 38
4653 38
4657 38
4658 38
4660 38
4661 38
4665 38
4666 38
4667 38
4668 38
4669 38
4670 38
4671 38
4672 38
4674 38
4675 38
4682 38
4684 38
4703 38
4704 38
4705 38
4706 38
4707 38
4708 38
4709 38
4710 38
4711 38
4713 38
4714 38
4715 38
4716 38
4717 38
4719 38
4720 38
4721 38
4722 38
4723 38
4724 38
4725 38
4726 38
4727 38
4728 38
4730 38
4731 38
4733 38
4736 38
4737 38
4738 38
4739 38
4740 38
4742 38
4743 38
4744 38
4747 38
4749 38
4750 38
4754 39
4755 39
4756 39
4757 39
4760 39
4762 39
4763 39
4764 39
4768 39
4769 39
4770 39
4771 39
4772 39
4773 39
4774 39
4775 39
4776 39
4778 39
4779 39
4781 39
4782 39
4783 39
4801 39
4802 39
4803 39
4805 39
4811 39
4812 39
4813 39
4814 39
4815 39
4817 39
4819 39
4820 39
4822 39
4823 39
4824 39
4825 39
4828 39
4829 39
4831 39
4832 39
4839 39
4842 39
4843 39
4844 39
4846 39
4847 39
4848 39
4851 39
4856 40
4857 40
4862 40
4864 40
4871 40
4872 40
4873 40
4874 40
4876 40
4878 40
4880 40
4881 40
4883 40
4894 40
4895 40
4896 40
4897 40
4898 40
4899 40
4900 40
4902 40
4903 40
4904 40
4905 40
4906 40
4915 40
4916 40
4917 40
4919 40
4920 40
4921 40
4922 40
4923 40
4924 40
4925 40
4926 40
4927 40
4928 40
4929 40
4930 40
4931 40
4934 40
4935 40
4936 40
4937 40
4938 40
4939 40
4940 40
4942 40
4943 40
4944 40
4945 40
4946 40
4948 40
4949 40
4951 40
4953 40
4954 40
4955 40
4956 40
4957 40
4959 40
4960 40
4961 40
4962 41
4963 41
4964 41
4965 41
4966 41
4967 41
4968 41
4970 41
4973 41
4974 41
4975 41
4976 41
4977 41
4978 41
4979 41
4980 41
4981 41
4983 41
4984 41
4985 41
4986 41
4987 41
4988 41
4989 41
4991 41
4992 41
4994 41
4996 41
5000 41
5001 41
5002 41
5003 41
5004 41
5005 41
5007 41
5008 41
5012 41
5025 41
5026 41
5027 41
5028 41
5029 41
5030 41
5031 41
5032 41
5033 41
5034 41
5035 41
5036 41
5053 41
5054 41
5055 41
5056 41
5057 41
5058 41
5059 41
5060 41
5061 41
5071 41
5072 41
5073 41
5074 41
5075 41
5076 41
5077 41
5078 41
5080 41
5081 41
5082 41
5087 41
5088 41
5090 41
5091 41
5102 42
5104 42
5111 42
5112 42
5113 42
5114 42
5115 42
5128 42
5129 42
5131 42
5135 42
5136 42
5137 42
5138 42
5139 42
5140 42
5142 42
5146 42
5156 42
5157 42
5158 42
5159 42
5163 42
5165 42
5169 42
5173 42
5174 42
5177 42
5181 42
5193 42
5195 42
5198 42
5200 42
5201 42
5208 42
5209 42
5212 42
5217 42
5222 42
5223 42
5224 42
5226 42
5227 42
5228 42
5230 42
5231 42
5232 42
5233 42
5236 42
5238 42
5239 42
5242 42
5243 42
5249 42
5250 42
5253 42
5262 43
5266 43
5271 43
5276 43
5281 43
5283 43
5284 43
5285 43
5286 43
5287 43
5295 43
5298 43
5299 43
5300 43
5303 43
5305 43
5306 43
5311 43
5314 43
5315 43
5316 43
5319 43
5327 43
5330 43
5339 43
5341 43
5343 43
5344 43
5345 43
5346 43
5348 43
5351 43
5352 43
5354 43
5356 43
5360 43
5361 43
5362 43
5363 43
5364 43
5368 43
5375 43
5388 43
5389 43
5390 43
5392 43
5393 43
5394 43
5395 43
5404 44
5405 44
5407 44
5410 44
5416 44
5420 44
5423 44
5425 44
5428 44
5429 44
5430 44
5431 44
5432 44
5435 44
5438 44
5444 44
5454 44
5455 44
5456 44
5457 44
5458 44
5459 44
5460 44
5461 44
5462 44
5464 44
5466 44
5467 44
5468 44
5469 44
5470 44
5471 44
5472 44
5473 44
5474 44
5475 44
5476 44
5481 44
5482 44
5484 44
5485 44
5486 44
5487 44
5488 44
5489 44
5490 44
5491 44
5492 44
5493 44
5494 44
5497 44
5501 44
5503 44
5504 44
5505 44
5507 44
5508 44
5509 44
5511 44
5512 44
5513 44
5516 44
5518 44
5551 45
5556 45
5557 45
5561 45
5563 45
5568 45
5569 45
5570 45
5572 45
5574 45
5575 45
5576 45
5577 45
5584 45
5591 45
5592 45
5593 45
5594 45
5595 45
5596 45
5597 45
5598 45
5599 45
5600 45
5601 45
5602 45
5603 45
5604 45
5605 45
5606 45
5607 45
5608 45
5609 45
5610 45
5611 45
5612 45
5613 45
5614 45
5615 45
5616 45
5617 45
5618 45
5619 45
5620 45
5621 45
5622 45
5629 45
5630 45
5631 45
5632 45
5633 45
5634 45
5635 45
5636 45
5637 45
5638 45
5639 45
5640 45
5641 45
5642 45
5643 45
5644 45
5645 45
5646 45
5647 45
5648 45
5649 45
5650 45
5651 45
5652 45
5659 46
5660 46
5662 46
5663 46
5664 46
5666 46
5667 46
5669 46
5672 46
5675 46
5676 46
5691 46
5692 46
5693 46
5694 46
5695 46
5698 46
5699 46
5708 46
5709 46
5710 46
5711 46
5722 46
5723 46
5726 46
5729 46
5730 46
5734 46
5735 46
5738 46
5741 46
5742 46
5743 46
5749 46
5754 46
5755 46
5756 46
5757 46
5758 46
5760 46
5763 46
5764 46
5766 46
5768 46
5773 47
5777 47
5778 47
5779 47
5780 47
5781 47
5782 47
5783 47
5784 47
5785 47
5786 47
5793 47
5794 47
5795 47
5796 47
5800 47
5801 47
5803 47
5804 47
5810 47
5811 47
5812 47
5813 47
5814 47
5815 47
5816 47
5818 47
5819 47
5820 47
5821 47
5822 47
5823 47
5825 47
5827 47
5831 47
5850 47
5854 47
5855 47
5878 48
5879 48
5883 48
5884 48
5885 48
5886 48
5887 48
5889 48
5893 48
5895 48
5896 48
5897 48
5905 48
5906 48
5909 48
5910 48
5911 48
5912 48
5916 48
5917 48
5918 48
5919 48
5920 48
5921 48
5922 48
5923 48
5924 48
5933 48
5934 48
5936 48
5937 48
5938 48
5942 48
5943 48
5944 48
5948 48
5955 48
5956 48
5957 48
5958 48
5960 48
5961 48
5962 48
5964 48
5965 48
5966 48
5967 48
5968 48
5970 48
5971 48
5972 48
5973 48
5974 48
5977 48
5979 48
5980 48
5981 48
5982 48
5983 48
5987 48
5988 48
5994 48
5995 48
5996 48
5997 48
5998 48
5999 48
6004 48
6005 48
6006 48
6007 48
6008 48
6009 48
6010 48
6011 48
6012 48
6013 48
6014 48
6015 48
6016 48
6017 48
6018 48
6019 48
6020 48
6021 48
6022 48
6023 48
6024 48
6025 48
6026 48
6027 48
6028 48
6029 48
6030 48
6031 48
6032 48
6033 48
6034 48
6035 48
6036 48
6037 48
6038 48
6039 48
6040 48
6041 48
6042 48
6043 48
6044 48
6045 48
6046 48
6048 48
6049 48
6050 48
6051 48
6052 48
6053 48
6054 48
6056 48
6057 48
6058 48
6059 48
6060 48
6061 48
6062 48
6063 48
6064 48
6065 48
6069 48
6070 48
6071 48
6072 48
6073 48
6074 48
6075 48
6076 48
6077 48
6078 48
6081 48
6082 48
6083 48
6084 48
6085 48
6086 48
6087 48
6092 48
6093 48
6097 48
6098 48
6105 48
6106 48
6107 48
6108 48
6109 48
6110 48
6111 48
6112 48
6113 48
6114 48
6115 49
6116 49
6117 49
6118 49
6119 49
6120 49
6121 49
6122 49
6123 49
6124 49
6125 49
6126 49
6127 49
6128 49
6129 49
6130 49
6133 49
6134 49
6135 49
6141 49
6145 49
6146 49
6147 49
6152 49
6153 49
6164 49
6165 49
6166 49
6167 49
6168 49
6169 49
6170 49
6171 49
6174 49
6175 49
6177 49
6178 49
6179 49
6183 49
6185 49
6186 49
6188 49
6190 49
6191 49
6192 49
6193 49
6194 49
6195 49
6196 49
6197 49
6198 49
6204 49
6205 49
6206 49
6207 49
6209 49
6210 49
6220 49
6222 49
6223 49
6224 49
6225 49
6226 49
6227 49
6228 49
6229 49
6231 49
6239 49
6244 49
6245 49
6246 49
6247 49
6251 49
6256 49
6258 49
6264 49
6265 49
6266 49
6267 49
6269 49
6270 49
6271 49
6272 49
6273 49
6274 49
6275 49
6277 49
6278 49
6279 49
6280 49
6281 49
6282 49
6284 49
6285 49
6286 49
6287 49
6289 49
6290 49
6291 49
6292 49
6294 49
6295 49
6296 49
6297 49
6299 49
6300 49
6302 49
6305 49
6306 49
6320 49
6321 49
6322 49
6323 49
6343 49
6344 49
6346 49
6347 49
6348 49
6349 49
6350 49
6351 49
6352 49
6353 49
6354 49
6355 49
6356 49
6357 49
6358 49
6360 49
6361 49
6362 49
6367 49
6368 49
6369 49
6370 49
6371 49
6372 49
6374 49
6375 49
6376 49
6380 49
6381 49
6382 49
6384 49
6399 49
6400 49
6401 49
6402 49
6403 49
6415 49
6424 49
6425 49
6429 49
6430 49
6431 49
6432 49
6438 49
6439 49
6440 49
6441 49
6442 49
6443 49
6444 49
6445 49
6446 49
6447 49
6448 49
6449 49
6450 49
6452 49
6454 49
6455 49
6456 49
6457 49
6458 49
6459 49
6460 49
6461 49
6462 49
6463 49
6464 49
6465 49
6466 49
6467 49
6469 49
6470 49
6471 49
6472 49
6473 49
6474 49
6476 49
6477 49
6478 49
6480 49
6481 49
6482 49
6483 49
6484 49
6485 49
6486 49
6487 49
6488 49
6489 49
6490 49
6491 49
6492 49
6493 49
6494 49
6495 49
6496 49
6497 49
6498 49
6499 49
6500 49
6501 49
6502 49
6503 49
6504 49
6505 49
6506 49
6507 49
6509 49
6512 49
6513 49
6514 49
6516 49
6517 49
6518 49
6520 49
6526 49
6527 49
6528 49
6531 49
6532 49
6533 49
6534 49
6537 49
6539 49
6540 49
6542 49
6546 49
6550 49
6551 49
6555 49
6558 49
6560 49
6563 49
6565 49
6568 49
6569 49
6571 49
6572 49
6580 49
6581 49
6582 49
6583 49
6584 49
6585 49
6586 49
6587 49
6588 49
6589 49
6590 49
6591 49
6592 49
6593 49
6594 49
6595 49
6599 49
6600 49
6601 49
6602 49
6603 49
6604 49
6605 49
6606 49
6607 49
6608 49
6609 49
6610 49
6611 49
6616 49
6618 49
6619 49
6623 49
6627 49
6628 49
6629 49
6630 49
6632 49
6647 49
6648 49
6649 49
6650 49
6651 49
6652 49
6653 49
6654 49
6655 49
6656 49
6657 49
6658 49
6659 49
6660 49
6661 49
6662 49
6664 50
6665 50
6666 50
6667 50
6668 50
6669 50
6671 50
6673 50
6674 50
6677 50
6678 50
6679 50
6680 50
6681 50
6682 50
6683 50
6684 50
6685 50
6686 50
6687 50
6692 50
6693 50
6694 50
6695 50
6696 50
6697 50
6698 50
6699 50
6700 50
6701 50
6702 50
6704 50
6706 50
6708 50
6709 50
6710 50
6711 50
6712 50
6713 50
6714 50
6715 50
6716 50
6717 50
6718 50
6719 50
6729 50
6730 50
6731 50
6732 50
6733 50
6734 50
6735 50
6739 50
6740 50
6741 50
6742 50
6743 50
6744 50
6745 50
6746 50
6747 50
6748 50
6749 50
6750 50
6751 50
6752 50
6753 50
6754 50
6755 50
6756 50
6758 50
6759 50
6760 50
6761 50
6762 50
6763 50
